10 almost
2  3  4  5  1
7  2  3  9  8

10 random
2  5  1  8  9 
2  7  2  0  3

10 reverse
9  8  7  6  5  
4  3  2  1  0

50 almost
1   45   2   4   4 
7    8  12  16  78 
19  25  29  33  33 
36  53  39  39  39 
40  40  42  44  98 
 2  48  50  52  53 
60  60  44  63  65 
66  66  14  72  79 
25  81  82  85  88 
88  88  94  97  78 

50 random
88	94	85	48	82
16	99	4	62	33
81	60	80	44	46
12	25	40	66	2
42	48	88	7	72
2	33	60	63	97
19	52	36	68	37
39	50	4	16	79
1	40	39	39	8
88	53	65	29	66

50 reverse
99  98  97  96  95
94  93  92  91  90
89  88  87  86  85
84  83  82  81  80
79  78  77  76  75
74  73  72  71  70
69  68  67  66  65
64  63  62  61  60
59  58  57  56  55
54  53  52  51  50

100 almost
 1  85   2   2   2  
 4   5  50   7   8
 9  10  12  15  45 
15  56  17  18  18
20  22  96  26  27  
27  28  28  30  11
31  32  32  56  33  
33  34  53  34  35
36  77  37  39  40  
40  40  40  40  16
41  41  42  22  43  
44  45  86  45  51
51  96  54  54  58  
58  59  89  59  61
62  63  63  75  67  
68  68  19  70  74
74  24  78  79  79  
80  80  80   0  81
81  71  82  85  88  
90  93  93  93  35


100 random
79	27	32	63	51
74	18	74	4	39
80	28	10	43	26
36	90	44	93	34
15	37	12	35	68
54	81	2	32	22
59	18	62	41	33
30	53	20	45	93
1	43	40	69	36
85	8	54	88	58
74	95	51	15	7
5	40	58	9	63
82	40	2	1	61
45	34	59	7	33
81	40	81	26	27
45	2	68	70	31
28	67	93	17	66
34	80	15	40	41
33	80	42	41	31
80	15	78	59	79

100 reverse
99  98  97  96  95
94  93  92  91  90
89  88  87  86  85
84  83  82  81  80
79  78  77  76  75
74  73  72  71  70
69  68  67  66  65
64  63  62  61  60
59  58  57  56  55
54  53  52  51  50
49  48  47  46  45
44  43  42  41  40
39  38  37  36  35
34  33  32  31  30
29  28  27  26  25
24  23  22  21  20
19  18  17  16  15
14  13  12  11  10
 9   8   7   6   5
 4   3   2   1   0